401.059
400.918
400.871
400.743
401.008
401.098
400.819
402.426
402.810
403.482
402.067
402.419
402.027
402.974
402.568
401.862
402.090
402.622
401.986
401.647
401.658
401.624
402.229
402.152
401.406
401.938
402.121
401.150
401.026
400.749
401.159
400.673
400.626
400.549
400.431
400.374
400.622
400.318
400.515
400.561
402.103
401.810
402.981
400.827
403.539
403.714
402.088
402.626
402.357
401.163
401.346
401.044
401.372
401.869
401.877
403.001
402.279
402.222
402.606
401.957
403.809
402.232
401.824
402.122
401.823
401.449
401.969
402.283
405.203
403.420
400.618
401.284
401.767
401.499
402.039
406.650
404.594
404.946
407.561
402.390
404.647
400.822
400.726
401.088
400.813
402.356
402.617
401.927
401.893
402.059
402.530
402.111
400.782
400.555
400.566
400.504
400.688
400.586
400.633
400.581
400.584
400.377
401.300
402.109
401.730
400.645
400.631
400.426
400.390
400.397
400.400
400.385
400.426
400.335
402.589
402.769
402.144
400.671
400.427
401.721
401.706
401.589
401.833
402.384
402.007
401.113
403.326
401.691
402.015
401.639
401.271
401.098
401.960
401.884
401.447
401.229
401.081
403.155
402.199
401.735
402.358
402.225
404.344
403.860
403.424
402.971
400.477
405.184
405.600
405.150
403.160
402.496
406.898
407.786
404.161
402.274
406.205
408.514
401.919
401.606
402.194
401.924
400.772
402.325
401.868
400.762
400.741
400.534
400.579
400.745
401.275
401.999
403.968
400.633
400.594
400.496
400.447
401.508
401.478
401.282
401.226
401.671
400.750
400.787
400.637
401.447
401.372
401.580
401.312
402.197
401.660
401.980
402.845
401.176
401.227
407.943
404.302
405.062
401.667
401.680
401.422
402.108
407.598
406.530
406.513
401.988
401.643
402.238
401.096
400.778
401.189
401.496
401.700
402.052
400.869
401.752
401.968
400.728
400.706
400.859
400.857
401.142
401.444
401.277
400.818
400.554
401.573
401.441
401.165
401.859
401.360
401.260
401.151
400.850
401.358
403.292
402.261
403.025
402.023
402.879
403.822
405.155
402.193
409.034
406.802
408.888
401.958
402.025
406.349
407.276
406.743
404.875
406.375
401.754
401.002
402.668
400.681
401.366
401.576
401.239
401.111
401.466
401.064
401.870
401.796
402.269
402.158
400.577
400.683
400.568
400.544
400.607
401.570
401.474
401.479
402.885
402.527
401.658
401.046
401.122
400.901
401.624
401.660
401.403
401.441
401.164
401.174
401.344
401.362
401.701
402.170
402.387
403.556
402.643
403.391
401.699
401.492
401.345
403.988
402.353
402.359
405.182
408.195
401.382
401.193
402.215
401.739
401.725
402.098
401.454
401.071
401.109
400.908
400.728
400.482
400.575
401.633
401.652
401.707
401.535
401.191
401.707
401.659
405.661
407.258
401.971
401.184
401.220
402.233
402.288
402.698
401.004
400.829
400.648
401.779
402.436
400.623
400.635
401.397
401.285
400.890
401.514
401.286
401.428
401.465
401.387
401.257
401.080
401.278
400.952
401.047
402.849
402.065
401.898
401.937
402.086
401.864
402.379
401.839
402.020
404.574
404.139
404.061
405.876
404.746
402.231
402.083
409.578
408.683
409.422
410.793
410.653
408.854
410.411
401.881
401.798
401.362
408.419
408.696
407.264
409.277
405.936
409.100
408.821
401.796
403.022
400.965
401.147
401.308
401.339
401.172
401.330
401.324
401.145
401.071
401.499
401.940
402.137
402.181
400.666
400.672
400.577
400.588
400.477
400.571
400.545
400.550
401.393
401.330
401.376
401.341
401.404
401.395
401.218
402.509
402.347
402.399
402.091
401.860
401.089
401.143
403.351
403.275
402.759
402.996
402.068
408.842
402.054
402.324
402.187
402.557
408.133
401.606
401.670
401.643
403.098
401.416
401.748
401.404
401.549
401.829
401.454
402.351
402.683
402.628
402.574
401.326
400.982
401.239
401.265
401.545
400.749
401.609
401.785
400.907
400.856
400.686
401.431
401.328
401.259
400.804
401.500
400.649
400.566
400.599
401.304
404.885
402.912
402.488
402.265
402.413
402.223
404.748
407.367
402.400
402.280
402.593
402.498
402.414
402.156
410.313
409.700
408.980
410.180
412.457
408.994
401.816
402.151
401.483
401.756
401.753
409.888
411.096
407.123
409.745
401.595
401.922
401.783
402.048
401.822
404.428
402.250
401.184
401.239
401.522
409.095
401.676
402.416
402.436
401.250
401.048
401.349
400.958
400.746
400.632
401.541
401.463
401.466
401.634
401.432
401.550
401.353
401.856
402.156
401.619
401.786
401.391
403.722
402.943
402.050
403.225
404.864
404.141
402.404
402.608
402.517
406.089
408.620
406.183
404.350
410.736
409.821
406.839
411.025
410.992
409.427
410.245
410.698
410.433
410.127
409.256
410.263
409.138
409.944
405.398
407.800
410.262
403.124
404.856
407.672
402.653
402.593
401.867
402.488
402.371
402.826
402.667
401.911
402.485
402.285
401.922
402.428
402.746
402.808
401.620
401.545
402.620
401.627
401.578
401.475
401.593
401.456
401.348
402.096
401.636
402.346
401.155
401.166
401.274
401.834
401.457
402.536
402.390
402.214
401.717
401.484
402.541
402.172
401.754
401.830
402.513
401.574
401.559
402.188
400.932
401.305
405.507
400.830
400.728
400.682
400.631
400.606
401.798
400.588
403.732
402.569
402.280
402.290
401.864
403.066
401.892
402.261
411.559
412.407
411.655
408.529
415.621
403.051
403.802
406.995
408.616
403.094
401.573
402.042
401.532
401.559
401.171
401.275
401.872
402.271
401.646
401.041
401.989
402.951
401.505
401.048
400.854
401.731
400.814
400.820
400.619
402.005
402.656
405.817
401.860
402.293
402.086
406.664
408.825
403.263
402.214
410.718
408.823
405.654
402.317
402.523
402.383
414.562
406.921
408.977
405.511
401.586
401.902
401.402
402.419
402.745
402.384
402.907
403.182
401.914
400.822
401.954
401.749
401.327
403.659
404.996
404.108
402.850
402.060
406.385
405.148
400.860
402.701
411.334
408.544
410.706
403.230
411.382
410.355
409.499
411.222
411.353
409.278
409.042
402.371
403.725
402.944
401.757
403.426
410.765
409.734
402.070
402.627
401.154
401.815
401.632
400.677
401.493
401.583
401.564
401.274
404.037
402.494
402.217
401.579
402.787
401.696
402.926
401.972
401.481
406.910
404.998
408.562
406.876
410.398
408.960
408.560
410.361
409.948
411.743
409.614
410.074
408.382
408.073
405.678
401.081
404.121
402.131
401.607
401.835
400.765
401.443
401.609
401.744
401.927
401.773
402.076
401.581
401.462
401.244
401.339
401.227
402.439
400.719
401.013
400.684
400.716
400.593
401.304
400.551
400.620
400.544
401.127
400.506
400.572
400.550
