 1.059
 0.918
 0.871
 0.743
 1.008
 1.098
 0.819
 2.426
 2.810
 3.482
 2.067
 2.419
 2.027
 2.974
 2.568
 1.862
 2.090
 2.622
 1.986
 1.647
 1.658
 1.624
 2.229
 2.152
 1.406
 1.938
 2.121
 1.150
 1.026
 0.749
 1.159
 0.673
 0.626
 0.549
 0.431
 0.374
 0.622
 0.318
 0.515
 0.561
 2.103
 1.810
 2.981
 0.827
 3.539
 3.714
 2.088
 2.626
 2.357
 1.163
 1.346
 1.044
 1.372
 1.869
 1.877
 3.001
 2.279
 2.222
 2.606
 1.957
 3.809
 2.232
 1.824
 2.122
 1.823
 1.449
 1.969
 2.283
 5.203
 3.420
 0.618
 1.284
 1.767
 1.499
 2.039
 6.650
 4.594
 4.946
 7.561
 2.390
 4.647
 0.822
 0.726
 1.088
 0.813
 2.356
 2.617
 1.927
 1.893
 2.059
 2.530
 2.111
 0.782
 0.555
 0.566
 0.504
 0.688
 0.586
 0.633
 0.581
 0.584
 0.377
 1.300
 2.109
 1.730
 0.645
 0.631
 0.426
 0.390
 0.397
 0.400
 0.385
 0.426
 0.335
 2.589
 2.769
 2.144
 0.671
 0.427
 1.721
 1.706
 1.589
 1.833
 2.384
 2.007
 1.113
 3.326
 1.691
 2.015
 1.639
 1.271
 1.098
 1.960
 1.884
 1.447
 1.229
 1.081
 3.155
 2.199
 1.735
 2.358
 2.225
 4.344
 3.860
 3.424
 2.971
 0.477
 5.184
 5.600
 5.150
 3.160
 2.496
 6.898
 7.786
 4.161
 2.274
 6.205
 8.514
 1.919
 1.606
 2.194
 1.924
 0.772
 2.325
 1.868
 0.762
 0.741
 0.534
 0.579
 0.745
 1.275
 1.999
 3.968
 0.633
 0.594
 0.496
 0.447
 1.508
 1.478
 1.282
 1.226
 1.671
 0.750
 0.787
 0.637
 1.447
 1.372
 1.580
 1.312
 2.197
 1.660
 1.980
 2.845
 1.176
 1.227
 7.943
 4.302
 5.062
 1.667
 1.680
 1.422
 2.108
 7.598
 6.530
 6.513
 1.988
 1.643
 2.238
 1.096
 0.778
 1.189
 1.496
 1.700
 2.052
 0.869
 1.752
 1.968
 0.728
 0.706
 0.859
 0.857
 1.142
 1.444
 1.277
 0.818
 0.554
 1.573
 1.441
 1.165
 1.859
 1.360
 1.260
 1.151
 0.850
 1.358
 3.292
 2.261
 3.025
 2.023
 2.879
 3.822
 5.155
 2.193
 9.034
 6.802
 8.888
 1.958
 2.025
 6.349
 7.276
 6.743
 4.875
 6.375
 1.754
 1.002
 2.668
 0.681
 1.366
 1.576
 1.239
 1.111
 1.466
 1.064
 1.870
 1.796
 2.269
 2.158
 0.577
 0.683
 0.568
 0.544
 0.607
 1.570
 1.474
 1.479
 2.885
 2.527
 1.658
 1.046
 1.122
 0.901
 1.624
 1.660
 1.403
 1.441
 1.164
 1.174
 1.344
 1.362
 1.701
 2.170
 2.387
 3.556
 2.643
 3.391
 1.699
 1.492
 1.345
 3.988
 2.353
 2.359
 5.182
 8.195
 1.382
 1.193
 2.215
 1.739
 1.725
 2.098
 1.454
 1.071
 1.109
 0.908
 0.728
 0.482
 0.575
 1.633
 1.652
 1.707
 1.535
 1.191
 1.707
 1.659
 5.661
 7.258
 1.971
 1.184
 1.220
 2.233
 2.288
 2.698
 1.004
 0.829
 0.648
 1.779
 2.436
 0.623
 0.635
 1.397
 1.285
 0.890
 1.514
 1.286
 1.428
 1.465
 1.387
 1.257
 1.080
 1.278
 0.952
 1.047
 2.849
 2.065
 1.898
 1.937
 2.086
 1.864
 2.379
 1.839
 2.020
 4.574
 4.139
 4.061
 5.876
 4.746
 2.231
 2.083
 9.578
 8.683
 9.422
10.793
10.653
 8.854
10.411
 1.881
 1.798
 1.362
 8.419
 8.696
 7.264
 9.277
 5.936
 9.100
 8.821
 1.796
 3.022
 0.965
 1.147
 1.308
 1.339
 1.172
 1.330
 1.324
 1.145
 1.071
 1.499
 1.940
 2.137
 2.181
 0.666
 0.672
 0.577
 0.588
 0.477
 0.571
 0.545
 0.550
 1.393
 1.330
 1.376
 1.341
 1.404
 1.395
 1.218
 2.509
 2.347
 2.399
 2.091
 1.860
 1.089
 1.143
 3.351
 3.275
 2.759
 2.996
 2.068
 8.842
 2.054
 2.324
 2.187
 2.557
 8.133
 1.606
 1.670
 1.643
 3.098
 1.416
 1.748
 1.404
 1.549
 1.829
 1.454
 2.351
 2.683
 2.628
 2.574
 1.326
 0.982
 1.239
 1.265
 1.545
 0.749
 1.609
 1.785
 0.907
 0.856
 0.686
 1.431
 1.328
 1.259
 0.804
 1.500
 0.649
 0.566
 0.599
 1.304
 4.885
 2.912
 2.488
 2.265
 2.413
 2.223
 4.748
 7.367
 2.400
 2.280
 2.593
 2.498
 2.414
 2.156
10.313
 9.700
 8.980
10.180
12.457
 8.994
 1.816
 2.151
 1.483
 1.756
 1.753
 9.888
11.096
 7.123
 9.745
 1.595
 1.922
 1.783
 2.048
 1.822
 4.428
 2.250
 1.184
 1.239
 1.522
 9.095
 1.676
 2.416
 2.436
 1.250
 1.048
 1.349
 0.958
 0.746
 0.632
 1.541
 1.463
 1.466
 1.634
 1.432
 1.550
 1.353
 1.856
 2.156
 1.619
 1.786
 1.391
 3.722
 2.943
 2.050
 3.225
 4.864
 4.141
 2.404
 2.608
 2.517
 6.089
 8.620
 6.183
 4.350
10.736
 9.821
 6.839
11.025
10.992
 9.427
10.245
10.698
10.433
10.127
 9.256
10.263
 9.138
 9.944
 5.398
 7.800
10.262
 3.124
 4.856
 7.672
 2.653
 2.593
 1.867
 2.488
 2.371
 2.826
 2.667
 1.911
 2.485
 2.285
 1.922
 2.428
 2.746
 2.808
 1.620
 1.545
 2.620
 1.627
 1.578
 1.475
 1.593
 1.456
 1.348
 2.096
 1.636
 2.346
 1.155
 1.166
 1.274
 1.834
 1.457
 2.536
 2.390
 2.214
 1.717
 1.484
 2.541
 2.172
 1.754
 1.830
 2.513
 1.574
 1.559
 2.188
 0.932
 1.305
 5.507
 0.830
 0.728
 0.682
 0.631
 0.606
 1.798
 0.588
 3.732
 2.569
 2.280
 2.290
 1.864
 3.066
 1.892
 2.261
11.559
12.407
11.655
 8.529
15.621
 3.051
 3.802
 6.995
 8.616
 3.094
 1.573
 2.042
 1.532
 1.559
 1.171
 1.275
 1.872
 2.271
 1.646
 1.041
 1.989
 2.951
 1.505
 1.048
 0.854
 1.731
 0.814
 0.820
 0.619
 2.005
 2.656
 5.817
 1.860
 2.293
 2.086
 6.664
 8.825
 3.263
 2.214
10.718
 8.823
 5.654
 2.317
 2.523
 2.383
14.562
 6.921
 8.977
 5.511
 1.586
 1.902
 1.402
 2.419
 2.745
 2.384
 2.907
 3.182
 1.914
 0.822
 1.954
 1.749
 1.327
 3.659
 4.996
 4.108
 2.850
 2.060
 6.385
 5.148
 0.860
 2.701
11.334
 8.544
10.706
 3.230
11.382
10.355
 9.499
11.222
11.353
 9.278
 9.042
 2.371
 3.725
 2.944
 1.757
 3.426
10.765
 9.734
 2.070
 2.627
 1.154
 1.815
 1.632
 0.677
 1.493
 1.583
 1.564
 1.274
 4.037
 2.494
 2.217
 1.579
 2.787
 1.696
 2.926
 1.972
 1.481
 6.910
 4.998
 8.562
 6.876
10.398
 8.960
 8.560
10.361
 9.948
11.743
 9.614
10.074
 8.382
 8.073
 5.678
 1.081
 4.121
 2.131
 1.607
 1.835
 0.765
 1.443
 1.609
 1.744
 1.927
 1.773
 2.076
 1.581
 1.462
 1.244
 1.339
 1.227
 2.439
 0.719
 1.013
 0.684
 0.716
 0.593
 1.304
 0.551
 0.620
 0.544
 1.127
 0.506
 0.572
 0.550
