 2.117
 1.836
 1.743
 1.486
 2.016
 2.197
 1.638
 4.852
 5.621
 6.963
 4.134
 4.838
 4.055
 5.949
 5.136
 3.724
 4.181
 5.245
 3.973
 3.294
 3.316
 3.248
 4.459
 4.305
 2.812
 3.876
 4.243
 2.299
 2.053
 1.498
 2.318
 1.345
 1.253
 1.097
 0.863
 0.748
 1.244
 0.636
 1.030
 1.121
 4.205
 3.620
 5.962
 1.654
 7.078
 7.429
 4.176
 5.251
 4.713
 2.326
 2.691
 2.088
 2.745
 3.737
 3.754
 6.003
 4.558
 4.444
 5.211
 3.915
 7.617
 4.464
 3.647
 4.244
 3.646
 2.897
 3.938
 4.567
10.406
 6.840
 1.236
 2.568
 3.533
 2.998
 4.077
13.300
 9.187
 9.892
15.122
 4.779
 9.295
 1.643
 1.452
 2.176
 1.625
 4.711
 5.234
 3.854
 3.786
 4.118
 5.061
 4.221
 1.565
 1.110
 1.132
 1.007
 1.375
 1.173
 1.266
 1.162
 1.168
 0.754
 2.599
 4.218
 3.460
 1.290
 1.262
 0.852
 0.780
 0.795
 0.800
 0.770
 0.852
 0.670
 5.177
 5.539
 4.288
 1.341
 0.854
 3.443
 3.412
 3.178
 3.665
 4.768
 4.015
 2.227
 6.651
 3.383
 4.029
 3.279
 2.543
 2.196
 3.920
 3.768
 2.893
 2.459
 2.162
 6.310
 4.397
 3.470
 4.717
 4.451
 8.688
 7.720
 6.849
 5.943
 0.953
10.368
11.200
10.300
 6.321
 4.993
13.796
15.572
 8.323
 4.547
12.410
17.029
 3.838
 3.211
 4.388
 3.848
 1.544
 4.650
 3.736
 1.524
 1.483
 1.069
 1.157
 1.490
 2.549
 3.998
 7.935
 1.267
 1.188
 0.992
 0.895
 3.016
 2.957
 2.564
 2.453
 3.342
 1.500
 1.574
 1.274
 2.895
 2.744
 3.160
 2.623
 4.393
 3.321
 3.961
 5.690
 2.351
 2.454
15.886
 8.604
10.124
 3.334
 3.360
 2.843
 4.217
15.197
13.060
13.026
 3.976
 3.285
 4.476
 2.191
 1.555
 2.378
 2.992
 3.400
 4.104
 1.739
 3.504
 3.936
 1.455
 1.413
 1.719
 1.715
 2.284
 2.888
 2.553
 1.637
 1.109
 3.147
 2.882
 2.331
 3.719
 2.719
 2.520
 2.301
 1.700
 2.717
 6.585
 4.523
 6.050
 4.046
 5.758
 7.644
10.310
 4.387
18.068
13.604
17.777
 3.917
 4.050
12.698
14.552
13.487
 9.751
12.750
 3.508
 2.004
 5.336
 1.362
 2.731
 3.153
 2.478
 2.222
 2.931
 2.127
 3.739
 3.592
 4.538
 4.316
 1.153
 1.365
 1.136
 1.088
 1.213
 3.141
 2.948
 2.959
 5.769
 5.054
 3.316
 2.093
 2.245
 1.803
 3.248
 3.320
 2.805
 2.882
 2.328
 2.348
 2.687
 2.725
 3.402
 4.340
 4.775
 7.111
 5.285
 6.782
 3.398
 2.985
 2.690
 7.976
 4.706
 4.719
10.365
16.390
 2.764
 2.386
 4.431
 3.478
 3.451
 4.196
 2.909
 2.141
 2.218
 1.816
 1.455
 0.965
 1.149
 3.267
 3.304
 3.413
 3.070
 2.382
 3.415
 3.318
11.323
14.517
 3.941
 2.369
 2.440
 4.467
 4.576
 5.396
 2.008
 1.659
 1.297
 3.557
 4.872
 1.245
 1.269
 2.795
 2.570
 1.780
 3.027
 2.571
 2.857
 2.929
 2.773
 2.513
 2.159
 2.557
 1.904
 2.094
 5.697
 4.129
 3.796
 3.873
 4.172
 3.728
 4.757
 3.678
 4.041
 9.148
 8.277
 8.122
11.753
 9.491
 4.462
 4.166
19.157
17.367
18.844
21.586
21.306
17.708
20.822
 3.762
 3.597
 2.725
16.837
17.391
14.527
18.553
11.871
18.200
17.641
 3.591
 6.045
 1.930
 2.295
 2.616
 2.678
 2.344
 2.660
 2.647
 2.290
 2.143
 2.998
 3.880
 4.274
 4.362
 1.332
 1.343
 1.154
 1.175
 0.954
 1.142
 1.090
 1.100
 2.786
 2.661
 2.753
 2.682
 2.807
 2.789
 2.436
 5.017
 4.694
 4.798
 4.181
 3.720
 2.177
 2.285
 6.701
 6.550
 5.519
 5.992
 4.136
17.684
 4.107
 4.647
 4.374
 5.114
16.267
 3.212
 3.341
 3.286
 6.196
 2.831
 3.496
 2.808
 3.098
 3.657
 2.909
 4.703
 5.366
 5.257
 5.149
 2.651
 1.964
 2.478
 2.529
 3.089
 1.499
 3.218
 3.569
 1.815
 1.712
 1.372
 2.861
 2.657
 2.518
 1.609
 3.000
 1.297
 1.132
 1.198
 2.609
 9.770
 5.824
 4.976
 4.529
 4.825
 4.446
 9.496
14.734
 4.800
 4.560
 5.186
 4.996
 4.827
 4.312
20.625
19.400
17.960
20.359
24.914
17.987
 3.633
 4.303
 2.965
 3.512
 3.507
19.777
22.191
14.246
19.490
 3.190
 3.844
 3.567
 4.096
 3.644
 8.856
 4.500
 2.369
 2.478
 3.043
18.190
 3.352
 4.832
 4.873
 2.500
 2.095
 2.698
 1.916
 1.492
 1.264
 3.081
 2.927
 2.933
 3.267
 2.865
 3.101
 2.707
 3.713
 4.311
 3.239
 3.572
 2.782
 7.443
 5.887
 4.101
 6.450
 9.729
 8.282
 4.809
 5.216
 5.034
12.178
17.240
12.366
 8.700
21.473
19.641
13.678
22.050
21.983
18.853
20.490
21.396
20.866
20.254
18.511
20.525
18.275
19.887
10.795
15.599
20.523
 6.248
 9.712
15.343
 5.305
 5.186
 3.735
 4.975
 4.743
 5.652
 5.335
 3.821
 4.970
 4.570
 3.844
 4.856
 5.492
 5.616
 3.241
 3.090
 5.240
 3.254
 3.157
 2.950
 3.186
 2.911
 2.696
 4.192
 3.271
 4.691
 2.310
 2.331
 2.549
 3.668
 2.913
 5.071
 4.781
 4.428
 3.433
 2.969
 5.083
 4.344
 3.509
 3.660
 5.026
 3.147
 3.117
 4.376
 1.863
 2.609
11.014
 1.661
 1.456
 1.363
 1.262
 1.212
 3.595
 1.177
 7.464
 5.138
 4.559
 4.580
 3.729
 6.132
 3.784
 4.522
23.117
24.815
23.310
17.058
31.241
 6.101
 7.603
13.989
17.232
 6.188
 3.147
 4.084
 3.065
 3.118
 2.342
 2.549
 3.745
 4.542
 3.292
 2.081
 3.979
 5.903
 3.010
 2.096
 1.707
 3.461
 1.627
 1.640
 1.238
 4.010
 5.312
11.633
 3.720
 4.585
 4.171
13.327
17.650
 6.526
 4.428
21.437
17.647
11.308
 4.634
 5.046
 4.765
29.124
13.842
17.955
11.023
 3.173
 3.805
 2.804
 4.838
 5.490
 4.767
 5.814
 6.364
 3.828
 1.643
 3.909
 3.498
 2.653
 7.319
 9.992
 8.216
 5.700
 4.119
12.770
10.295
 1.719
 5.402
22.668
17.088
21.412
 6.461
22.764
20.710
18.998
22.445
22.706
18.556
18.084
 4.741
 7.449
 5.888
 3.515
 6.852
21.529
19.468
 4.141
 5.253
 2.308
 3.629
 3.264
 1.354
 2.985
 3.167
 3.128
 2.548
 8.074
 4.988
 4.433
 3.158
 5.573
 3.393
 5.853
 3.944
 2.962
13.820
 9.996
17.124
13.751
20.795
17.920
17.121
20.722
19.896
23.486
19.227
20.148
16.764
16.147
11.357
 2.162
 8.242
 4.261
 3.213
 3.669
 1.529
 2.887
 3.218
 3.489
 3.855
 3.546
 4.152
 3.162
 2.925
 2.487
 2.678
 2.453
 4.878
 1.438
 2.026
 1.367
 1.433
 1.187
 2.609
 1.101
 1.241
 1.089
 2.254
 1.013
 1.144
 1.100
