402.117
401.836
401.743
401.486
402.016
402.197
401.638
404.852
405.621
406.963
404.134
404.838
404.055
405.949
405.136
403.724
404.181
405.245
403.973
403.294
403.316
403.248
404.459
404.305
402.812
403.876
404.243
402.299
402.053
401.498
402.318
401.345
401.253
401.097
400.863
400.748
401.244
400.636
401.030
401.121
404.205
403.620
405.962
401.654
407.078
407.429
404.176
405.251
404.713
402.326
402.691
402.088
402.745
403.737
403.754
406.003
404.558
404.444
405.211
403.915
407.617
404.464
403.647
404.244
403.646
402.897
403.938
404.567
410.406
406.840
401.236
402.568
403.533
402.998
404.077
413.300
409.187
409.892
415.122
404.779
409.295
401.643
401.452
402.176
401.625
404.711
405.234
403.854
403.786
404.118
405.061
404.221
401.565
401.110
401.132
401.007
401.375
401.173
401.266
401.162
401.168
400.754
402.599
404.218
403.460
401.290
401.262
400.852
400.780
400.795
400.800
400.770
400.852
400.670
405.177
405.539
404.288
401.341
400.854
403.443
403.412
403.178
403.665
404.768
404.015
402.227
406.651
403.383
404.029
403.279
402.543
402.196
403.920
403.768
402.893
402.459
402.162
406.310
404.397
403.470
404.717
404.451
408.688
407.720
406.849
405.943
400.953
410.368
411.200
410.300
406.321
404.993
413.796
415.572
408.323
404.547
412.410
417.029
403.838
403.211
404.388
403.848
401.544
404.650
403.736
401.524
401.483
401.069
401.157
401.490
402.549
403.998
407.935
401.267
401.188
400.992
400.895
403.016
402.957
402.564
402.453
403.342
401.500
401.574
401.274
402.895
402.744
403.160
402.623
404.393
403.321
403.961
405.690
402.351
402.454
415.886
408.604
410.124
403.334
403.360
402.843
404.217
415.197
413.060
413.026
403.976
403.285
404.476
402.191
401.555
402.378
402.992
403.400
404.104
401.739
403.504
403.936
401.455
401.413
401.719
401.715
402.284
402.888
402.553
401.637
401.109
403.147
402.882
402.331
403.719
402.719
402.520
402.301
401.700
402.717
406.585
404.523
406.050
404.046
405.758
407.644
410.310
404.387
418.068
413.604
417.777
403.917
404.050
412.698
414.552
413.487
409.751
412.750
403.508
402.004
405.336
401.362
402.731
403.153
402.478
402.222
402.931
402.127
403.739
403.592
404.538
404.316
401.153
401.365
401.136
401.088
401.213
403.141
402.948
402.959
405.769
405.054
403.316
402.093
402.245
401.803
403.248
403.320
402.805
402.882
402.328
402.348
402.687
402.725
403.402
404.340
404.775
407.111
405.285
406.782
403.398
402.985
402.690
407.976
404.706
404.719
410.365
416.390
402.764
402.386
404.431
403.478
403.451
404.196
402.909
402.141
402.218
401.816
401.455
400.965
401.149
403.267
403.304
403.413
403.070
402.382
403.415
403.318
411.323
414.517
403.941
402.369
402.440
404.467
404.576
405.396
402.008
401.659
401.297
403.557
404.872
401.245
401.269
402.795
402.570
401.780
403.027
402.571
402.857
402.929
402.773
402.513
402.159
402.557
401.904
402.094
405.697
404.129
403.796
403.873
404.172
403.728
404.757
403.678
404.041
409.148
408.277
408.122
411.753
409.491
404.462
404.166
419.157
417.367
418.844
421.586
421.306
417.708
420.822
403.762
403.597
402.725
416.837
417.391
414.527
418.553
411.871
418.200
417.641
403.591
406.045
401.930
402.295
402.616
402.678
402.344
402.660
402.647
402.290
402.143
402.998
403.880
404.274
404.362
401.332
401.343
401.154
401.175
400.954
401.142
401.090
401.100
402.786
402.661
402.753
402.682
402.807
402.789
402.436
405.017
404.694
404.798
404.181
403.720
402.177
402.285
406.701
406.550
405.519
405.992
404.136
417.684
404.107
404.647
404.374
405.114
416.267
403.212
403.341
403.286
406.196
402.831
403.496
402.808
403.098
403.657
402.909
404.703
405.366
405.257
405.149
402.651
401.964
402.478
402.529
403.089
401.499
403.218
403.569
401.815
401.712
401.372
402.861
402.657
402.518
401.609
403.000
401.297
401.132
401.198
402.609
409.770
405.824
404.976
404.529
404.825
404.446
409.496
414.734
404.800
404.560
405.186
404.996
404.827
404.312
420.625
419.400
417.960
420.359
424.914
417.987
403.633
404.303
402.965
403.512
403.507
419.777
422.191
414.246
419.490
403.190
403.844
403.567
404.096
403.644
408.856
404.500
402.369
402.478
403.043
418.190
403.352
404.832
404.873
402.500
402.095
402.698
401.916
401.492
401.264
403.081
402.927
402.933
403.267
402.865
403.101
402.707
403.713
404.311
403.239
403.572
402.782
407.443
405.887
404.101
406.450
409.729
408.282
404.809
405.216
405.034
412.178
417.240
412.366
408.700
421.473
419.641
413.678
422.050
421.983
418.853
420.490
421.396
420.866
420.254
418.511
420.525
418.275
419.887
410.795
415.599
420.523
406.248
409.712
415.343
405.305
405.186
403.735
404.975
404.743
405.652
405.335
403.821
404.970
404.570
403.844
404.856
405.492
405.616
403.241
403.090
405.240
403.254
403.157
402.950
403.186
402.911
402.696
404.192
403.271
404.691
402.310
402.331
402.549
403.668
402.913
405.071
404.781
404.428
403.433
402.969
405.083
404.344
403.509
403.660
405.026
403.147
403.117
404.376
401.863
402.609
411.014
401.661
401.456
401.363
401.262
401.212
403.595
401.177
407.464
405.138
404.559
404.580
403.729
406.132
403.784
404.522
423.117
424.815
423.310
417.058
431.241
406.101
407.603
413.989
417.232
406.188
403.147
404.084
403.065
403.118
402.342
402.549
403.745
404.542
403.292
402.081
403.979
405.903
403.010
402.096
401.707
403.461
401.627
401.640
401.238
404.010
405.312
411.633
403.720
404.585
404.171
413.327
417.650
406.526
404.428
421.437
417.647
411.308
404.634
405.046
404.765
429.124
413.842
417.955
411.023
403.173
403.805
402.804
404.838
405.490
404.767
405.814
406.364
403.828
401.643
403.909
403.498
402.653
407.319
409.992
408.216
405.700
404.119
412.770
410.295
401.719
405.402
422.668
417.088
421.412
406.461
422.764
420.710
418.998
422.445
422.706
418.556
418.084
404.741
407.449
405.888
403.515
406.852
421.529
419.468
404.141
405.253
402.308
403.629
403.264
401.354
402.985
403.167
403.128
402.548
408.074
404.988
404.433
403.158
405.573
403.393
405.853
403.944
402.962
413.820
409.996
417.124
413.751
420.795
417.920
417.121
420.722
419.896
423.486
419.227
420.148
416.764
416.147
411.357
402.162
408.242
404.261
403.213
403.669
401.529
402.887
403.218
403.489
403.855
403.546
404.152
403.162
402.925
402.487
402.678
402.453
404.878
401.438
402.026
401.367
401.433
401.187
402.609
401.101
401.241
401.089
402.254
401.013
401.144
401.100
