 1.376
 1.193
 1.133
 0.966
 1.310
 1.428
 1.064
 3.154
 3.653
 4.526
 2.687
 3.144
 2.636
 3.867
 3.338
 2.421
 2.718
 3.409
 2.582
 2.141
 2.156
 2.111
 2.898
 2.798
 1.828
 2.519
 2.758
 1.494
 1.334
 0.974
 1.507
 0.874
 0.814
 0.713
 0.561
 0.486
 0.809
 0.413
 0.670
 0.729
 2.733
 2.353
 3.875
 1.075
 4.601
 4.829
 2.714
 3.413
 3.064
 1.512
 1.749
 1.357
 1.784
 2.429
 2.440
 3.902
 2.963
 2.889
 3.387
 2.545
 4.951
 2.902
 2.371
 2.758
 2.370
 1.883
 2.559
 2.968
 6.764
 4.446
 0.803
 1.669
 2.296
 1.949
 2.650
 8.645
 5.972
 6.430
 9.829
 3.107
 6.041
 1.068
 0.944
 1.414
 1.056
 3.062
 3.402
 2.505
 2.461
 2.677
 3.290
 2.744
 1.017
 0.722
 0.736
 0.655
 0.894
 0.762
 0.823
 0.755
 0.759
 0.490
 1.689
 2.741
 2.249
 0.839
 0.820
 0.554
 0.507
 0.516
 0.520
 0.500
 0.554
 0.435
 3.365
 3.600
 2.787
 0.872
 0.555
 2.238
 2.218
 2.066
 2.382
 3.099
 2.610
 1.447
 4.323
 2.199
 2.619
 2.131
 1.653
 1.428
 2.548
 2.449
 1.881
 1.598
 1.405
 4.102
 2.858
 2.256
 3.066
 2.893
 5.647
 5.018
 4.452
 3.863
 0.620
 6.739
 7.280
 6.695
 4.108
 3.245
 8.968
10.122
 5.410
 2.956
 8.067
11.069
 2.495
 2.087
 2.852
 2.501
 1.004
 3.022
 2.429
 0.991
 0.964
 0.695
 0.752
 0.969
 1.657
 2.598
 5.158
 0.823
 0.772
 0.645
 0.582
 1.960
 1.922
 1.667
 1.594
 2.172
 0.975
 1.023
 0.828
 1.882
 1.784
 2.054
 1.705
 2.856
 2.158
 2.575
 3.698
 1.528
 1.595
10.326
 5.593
 6.581
 2.167
 2.184
 1.848
 2.741
 9.878
 8.489
 8.467
 2.584
 2.135
 2.909
 1.424
 1.011
 1.546
 1.945
 2.210
 2.667
 1.130
 2.277
 2.558
 0.946
 0.918
 1.117
 1.115
 1.485
 1.877
 1.660
 1.064
 0.721
 2.045
 1.873
 1.515
 2.417
 1.768
 1.638
 1.496
 1.105
 1.766
 4.280
 2.940
 3.932
 2.630
 3.742
 4.969
 6.701
 2.851
11.744
 8.843
11.555
 2.546
 2.632
 8.254
 9.459
 8.766
 6.338
 8.288
 2.280
 1.303
 3.468
 0.885
 1.775
 2.049
 1.611
 1.444
 1.905
 1.383
 2.430
 2.335
 2.950
 2.805
 0.750
 0.887
 0.738
 0.707
 0.789
 2.041
 1.916
 1.923
 3.750
 3.285
 2.156
 1.360
 1.459
 1.172
 2.111
 2.158
 1.823
 1.873
 1.513
 1.526
 1.747
 1.771
 2.211
 2.821
 3.104
 4.622
 3.435
 4.408
 2.208
 1.940
 1.748
 5.184
 3.059
 3.067
 6.737
10.654
 1.797
 1.551
 2.880
 2.261
 2.243
 2.727
 1.891
 1.392
 1.442
 1.180
 0.946
 0.627
 0.747
 2.124
 2.148
 2.219
 1.996
 1.548
 2.219
 2.157
 7.360
 9.436
 2.562
 1.540
 1.586
 2.903
 2.974
 3.507
 1.305
 1.078
 0.843
 2.312
 3.167
 0.809
 0.825
 1.817
 1.670
 1.157
 1.968
 1.671
 1.857
 1.904
 1.803
 1.634
 1.404
 1.662
 1.238
 1.361
 3.703
 2.684
 2.467
 2.518
 2.712
 2.423
 3.092
 2.391
 2.627
 5.946
 5.380
 5.279
 7.639
 6.169
 2.901
 2.708
12.452
11.288
12.249
14.031
13.849
11.510
13.534
 2.445
 2.338
 1.771
10.944
11.304
 9.443
12.060
 7.716
11.830
11.467
 2.334
 3.929
 1.255
 1.492
 1.701
 1.741
 1.523
 1.729
 1.721
 1.488
 1.393
 1.949
 2.522
 2.778
 2.836
 0.866
 0.873
 0.750
 0.764
 0.620
 0.742
 0.709
 0.715
 1.811
 1.729
 1.789
 1.743
 1.825
 1.813
 1.583
 3.261
 3.051
 3.119
 2.718
 2.418
 1.415
 1.485
 4.356
 4.257
 3.587
 3.895
 2.688
11.495
 2.670
 3.021
 2.843
 3.324
10.573
 2.088
 2.171
 2.136
 4.028
 1.840
 2.272
 1.825
 2.013
 2.377
 1.891
 3.057
 3.488
 3.417
 3.347
 1.723
 1.276
 1.611
 1.644
 2.008
 0.974
 2.092
 2.320
 1.180
 1.113
 0.892
 1.860
 1.727
 1.636
 1.046
 1.950
 0.843
 0.736
 0.779
 1.696
 6.351
 3.786
 3.234
 2.944
 3.136
 2.890
 6.172
 9.577
 3.120
 2.964
 3.371
 3.247
 3.138
 2.803
13.406
12.610
11.674
13.233
16.194
11.692
 2.361
 2.797
 1.927
 2.283
 2.279
12.855
14.424
 9.260
12.669
 2.074
 2.499
 2.318
 2.663
 2.369
 5.757
 2.925
 1.540
 1.611
 1.978
11.823
 2.179
 3.141
 3.167
 1.625
 1.362
 1.753
 1.246
 0.970
 0.822
 2.003
 1.902
 1.906
 2.124
 1.862
 2.015
 1.759
 2.413
 2.802
 2.105
 2.322
 1.808
 4.838
 3.826
 2.666
 4.193
 6.324
 5.383
 3.126
 3.390
 3.272
 7.916
11.206
 8.038
 5.655
13.957
12.767
 8.891
14.333
14.289
12.255
13.318
13.907
13.563
13.165
12.032
13.341
11.879
12.927
 7.017
10.139
13.340
 4.061
 6.313
 9.973
 3.448
 3.371
 2.428
 3.234
 3.083
 3.674
 3.467
 2.484
 3.230
 2.970
 2.498
 3.157
 3.570
 3.650
 2.107
 2.009
 3.406
 2.115
 2.052
 1.917
 2.071
 1.892
 1.752
 2.725
 2.126
 3.049
 1.501
 1.515
 1.657
 2.384
 1.894
 3.296
 3.108
 2.878
 2.232
 1.930
 3.304
 2.823
 2.281
 2.379
 3.267
 2.046
 2.026
 2.844
 1.211
 1.696
 7.159
 1.079
 0.946
 0.886
 0.820
 0.788
 2.337
 0.765
 4.851
 3.340
 2.964
 2.977
 2.424
 3.986
 2.460
 2.939
15.026
16.130
15.152
11.088
20.307
 3.966
 4.942
 9.093
11.201
 4.022
 2.045
 2.655
 1.992
 2.027
 1.522
 1.657
 2.434
 2.952
 2.140
 1.353
 2.586
 3.837
 1.957
 1.362
 1.110
 2.250
 1.058
 1.066
 0.805
 2.607
 3.453
 7.562
 2.418
 2.980
 2.711
 8.663
11.473
 4.242
 2.878
13.934
11.470
 7.350
 3.012
 3.280
 3.098
18.931
 8.997
11.671
 7.165
 2.062
 2.473
 1.823
 3.145
 3.568
 3.099
 3.779
 4.136
 2.488
 1.068
 2.541
 2.274
 1.725
 4.757
 6.495
 5.340
 3.705
 2.677
 8.300
 6.692
 1.117
 3.511
14.734
11.107
13.918
 4.200
14.797
13.461
12.349
14.589
14.759
12.062
11.754
 3.082
 4.842
 3.827
 2.285
 4.454
13.994
12.654
 2.691
 3.415
 1.500
 2.359
 2.122
 0.880
 1.941
 2.058
 2.033
 1.656
 5.248
 3.242
 2.882
 2.052
 3.622
 2.205
 3.804
 2.564
 1.925
 8.983
 6.497
11.130
 8.938
13.517
11.648
11.128
13.469
12.933
15.266
12.498
13.096
10.896
10.496
 7.382
 1.405
 5.357
 2.770
 2.089
 2.385
 0.994
 1.876
 2.092
 2.268
 2.506
 2.305
 2.699
 2.056
 1.901
 1.617
 1.741
 1.595
 3.171
 0.935
 1.317
 0.889
 0.931
 0.771
 1.696
 0.716
 0.806
 0.708
 1.465
 0.658
 0.743
 0.715
