 0.040
 0.033
 0.031
 0.027
 0.036
 0.040
 0.029
 0.071
 0.081
 0.081
 0.063
 0.070
 0.057
 0.088
 0.081
 0.058
 0.059
 0.098
 0.068
 0.059
 0.053
 0.059
 0.067
 0.070
 0.049
 0.065
 0.071
 0.037
 0.035
 0.031
 0.036
 0.026
 0.026
 0.022
 0.021
 0.017
 0.024
 0.014
 0.031
 0.029
 0.065
 0.058
 0.083
 0.035
 0.092
 0.093
 0.066
 0.077
 0.068
 0.058
 0.067
 0.048
 0.063
 0.058
 0.058
 0.072
 0.062
 0.065
 0.068
 0.114
 0.172
 0.141
 0.074
 0.073
 0.068
 0.058
 0.063
 0.108
 0.128
 0.107
 0.025
 0.044
 0.058
 0.052
 0.077
 0.242
 0.181
 0.194
 0.170
 0.135
 0.175
 0.030
 0.031
 0.036
 0.029
 0.062
 0.069
 0.067
 0.083
 0.060
 0.058
 0.066
 0.031
 0.026
 0.024
 0.020
 0.032
 0.027
 0.027
 0.024
 0.026
 0.018
 0.060
 0.071
 0.080
 0.029
 0.033
 0.021
 0.016
 0.017
 0.019
 0.017
 0.018
 0.017
 0.154
 0.160
 0.049
 0.025
 0.024
 0.055
 0.054
 0.053
 0.057
 0.069
 0.061
 0.042
 0.086
 0.050
 0.091
 0.078
 0.061
 0.051
 0.103
 0.084
 0.069
 0.059
 0.048
 0.182
 0.125
 0.077
 0.141
 0.063
 0.223
 0.181
 0.196
 0.192
 0.027
 0.219
 0.154
 0.183
 0.146
 0.151
 0.171
 0.176
 0.138
 0.080
 0.230
 0.237
 0.065
 0.089
 0.128
 0.094
 0.026
 0.079
 0.083
 0.034
 0.034
 0.021
 0.026
 0.046
 0.060
 0.069
 0.186
 0.022
 0.018
 0.016
 0.018
 0.048
 0.047
 0.042
 0.053
 0.054
 0.033
 0.038
 0.029
 0.047
 0.046
 0.054
 0.044
 0.066
 0.051
 0.063
 0.075
 0.040
 0.042
 0.341
 0.202
 0.236
 0.066
 0.064
 0.056
 0.068
 0.278
 0.172
 0.214
 0.068
 0.053
 0.074
 0.033
 0.032
 0.039
 0.047
 0.052
 0.064
 0.050
 0.077
 0.072
 0.032
 0.033
 0.034
 0.046
 0.054
 0.048
 0.043
 0.032
 0.022
 0.070
 0.046
 0.039
 0.060
 0.044
 0.046
 0.044
 0.033
 0.059
 0.156
 0.102
 0.073
 0.057
 0.156
 0.210
 0.242
 0.070
 0.380
 0.288
 0.363
 0.074
 0.071
 0.197
 0.239
 0.245
 0.196
 0.242
 0.060
 0.036
 0.135
 0.029
 0.043
 0.051
 0.042
 0.038
 0.051
 0.057
 0.072
 0.084
 0.083
 0.097
 0.028
 0.020
 0.018
 0.025
 0.024
 0.053
 0.050
 0.051
 0.083
 0.059
 0.050
 0.044
 0.033
 0.029
 0.053
 0.049
 0.050
 0.046
 0.044
 0.045
 0.040
 0.047
 0.054
 0.066
 0.119
 0.167
 0.137
 0.174
 0.077
 0.067
 0.066
 0.108
 0.067
 0.063
 0.244
 0.377
 0.053
 0.051
 0.078
 0.058
 0.065
 0.062
 0.045
 0.037
 0.035
 0.029
 0.023
 0.021
 0.028
 0.063
 0.065
 0.064
 0.060
 0.039
 0.055
 0.056
 0.248
 0.244
 0.085
 0.044
 0.037
 0.076
 0.094
 0.088
 0.040
 0.030
 0.028
 0.086
 0.100
 0.031
 0.029
 0.060
 0.045
 0.028
 0.052
 0.051
 0.072
 0.052
 0.049
 0.051
 0.037
 0.048
 0.042
 0.038
 0.129
 0.088
 0.078
 0.061
 0.061
 0.063
 0.067
 0.053
 0.061
 0.227
 0.221
 0.210
 0.281
 0.261
 0.069
 0.055
 0.403
 0.426
 0.424
 0.407
 0.450
 0.406
 0.427
 0.067
 0.064
 0.041
 0.376
 0.351
 0.278
 0.353
 0.245
 0.351
 0.329
 0.074
 0.158
 0.037
 0.043
 0.042
 0.047
 0.055
 0.062
 0.041
 0.043
 0.037
 0.076
 0.084
 0.087
 0.090
 0.032
 0.035
 0.026
 0.025
 0.018
 0.027
 0.024
 0.022
 0.060
 0.052
 0.050
 0.048
 0.051
 0.050
 0.050
 0.080
 0.075
 0.076
 0.063
 0.059
 0.046
 0.041
 0.158
 0.162
 0.099
 0.158
 0.064
 0.416
 0.073
 0.075
 0.072
 0.075
 0.342
 0.060
 0.064
 0.064
 0.147
 0.057
 0.070
 0.054
 0.061
 0.076
 0.054
 0.065
 0.072
 0.086
 0.088
 0.049
 0.039
 0.047
 0.047
 0.052
 0.037
 0.073
 0.083
 0.043
 0.041
 0.031
 0.063
 0.064
 0.044
 0.039
 0.070
 0.031
 0.025
 0.020
 0.046
 0.192
 0.096
 0.084
 0.082
 0.071
 0.109
 0.235
 0.351
 0.076
 0.077
 0.061
 0.059
 0.070
 0.060
 0.396
 0.410
 0.406
 0.444
 0.449
 0.389
 0.146
 0.114
 0.094
 0.102
 0.061
 0.462
 0.450
 0.292
 0.402
 0.064
 0.073
 0.071
 0.078
 0.071
 0.207
 0.086
 0.049
 0.047
 0.058
 0.380
 0.080
 0.104
 0.097
 0.059
 0.036
 0.059
 0.042
 0.034
 0.031
 0.075
 0.059
 0.057
 0.062
 0.053
 0.059
 0.049
 0.065
 0.072
 0.059
 0.065
 0.054
 0.178
 0.143
 0.098
 0.124
 0.198
 0.199
 0.121
 0.124
 0.133
 0.287
 0.379
 0.291
 0.215
 0.432
 0.432
 0.322
 0.470
 0.435
 0.408
 0.440
 0.420
 0.450
 0.435
 0.365
 0.416
 0.393
 0.442
 0.233
 0.303
 0.408
 0.152
 0.223
 0.330
 0.149
 0.067
 0.061
 0.097
 0.068
 0.073
 0.091
 0.085
 0.117
 0.103
 0.080
 0.107
 0.113
 0.109
 0.068
 0.062
 0.096
 0.067
 0.061
 0.058
 0.059
 0.051
 0.048
 0.064
 0.049
 0.077
 0.051
 0.051
 0.046
 0.068
 0.059
 0.116
 0.057
 0.089
 0.133
 0.132
 0.082
 0.088
 0.058
 0.142
 0.139
 0.063
 0.068
 0.075
 0.037
 0.064
 0.185
 0.040
 0.036
 0.034
 0.031
 0.028
 0.079
 0.022
 0.183
 0.095
 0.109
 0.077
 0.084
 0.059
 0.093
 0.063
 0.485
 0.526
 0.442
 0.335
 0.454
 0.151
 0.156
 0.294
 0.352
 0.073
 0.087
 0.087
 0.082
 0.071
 0.062
 0.060
 0.087
 0.108
 0.091
 0.046
 0.095
 0.116
 0.081
 0.043
 0.042
 0.087
 0.040
 0.041
 0.027
 0.077
 0.089
 0.182
 0.072
 0.115
 0.099
 0.302
 0.378
 0.064
 0.083
 0.450
 0.357
 0.181
 0.094
 0.130
 0.077
 0.408
 0.290
 0.360
 0.138
 0.089
 0.082
 0.073
 0.072
 0.065
 0.107
 0.124
 0.126
 0.108
 0.041
 0.077
 0.070
 0.050
 0.144
 0.225
 0.199
 0.137
 0.096
 0.281
 0.241
 0.043
 0.087
 0.471
 0.367
 0.451
 0.071
 0.379
 0.395
 0.335
 0.364
 0.413
 0.372
 0.331
 0.128
 0.090
 0.079
 0.077
 0.083
 0.456
 0.413
 0.119
 0.112
 0.052
 0.074
 0.064
 0.029
 0.058
 0.059
 0.058
 0.050
 0.191
 0.121
 0.105
 0.072
 0.105
 0.077
 0.093
 0.084
 0.073
 0.289
 0.226
 0.370
 0.292
 0.427
 0.375
 0.366
 0.421
 0.410
 0.485
 0.349
 0.392
 0.290
 0.302
 0.222
 0.054
 0.152
 0.077
 0.076
 0.080
 0.041
 0.056
 0.065
 0.073
 0.076
 0.070
 0.081
 0.060
 0.056
 0.050
 0.056
 0.046
 0.084
 0.028
 0.035
 0.028
 0.023
 0.022
 0.037
 0.024
 0.022
 0.022
 0.025
 0.021
 0.022
 0.020
