400.040
400.033
400.031
400.027
400.036
400.040
400.029
400.071
400.081
400.081
400.063
400.070
400.057
400.088
400.081
400.058
400.059
400.098
400.068
400.059
400.053
400.059
400.067
400.070
400.049
400.065
400.071
400.037
400.035
400.031
400.036
400.026
400.026
400.022
400.021
400.017
400.024
400.014
400.031
400.029
400.065
400.058
400.083
400.035
400.092
400.093
400.066
400.077
400.068
400.058
400.067
400.048
400.063
400.058
400.058
400.072
400.062
400.065
400.068
400.114
400.172
400.141
400.074
400.073
400.068
400.058
400.063
400.108
400.128
400.107
400.025
400.044
400.058
400.052
400.077
400.242
400.181
400.194
400.170
400.135
400.175
400.030
400.031
400.036
400.029
400.062
400.069
400.067
400.083
400.060
400.058
400.066
400.031
400.026
400.024
400.020
400.032
400.027
400.027
400.024
400.026
400.018
400.060
400.071
400.080
400.029
400.033
400.021
400.016
400.017
400.019
400.017
400.018
400.017
400.154
400.160
400.049
400.025
400.024
400.055
400.054
400.053
400.057
400.069
400.061
400.042
400.086
400.050
400.091
400.078
400.061
400.051
400.103
400.084
400.069
400.059
400.048
400.182
400.125
400.077
400.141
400.063
400.223
400.181
400.196
400.192
400.027
400.219
400.154
400.183
400.146
400.151
400.171
400.176
400.138
400.080
400.230
400.237
400.065
400.089
400.128
400.094
400.026
400.079
400.083
400.034
400.034
400.021
400.026
400.046
400.060
400.069
400.186
400.022
400.018
400.016
400.018
400.048
400.047
400.042
400.053
400.054
400.033
400.038
400.029
400.047
400.046
400.054
400.044
400.066
400.051
400.063
400.075
400.040
400.042
400.341
400.202
400.236
400.066
400.064
400.056
400.068
400.278
400.172
400.214
400.068
400.053
400.074
400.033
400.032
400.039
400.047
400.052
400.064
400.050
400.077
400.072
400.032
400.033
400.034
400.046
400.054
400.048
400.043
400.032
400.022
400.070
400.046
400.039
400.060
400.044
400.046
400.044
400.033
400.059
400.156
400.102
400.073
400.057
400.156
400.210
400.242
400.070
400.380
400.288
400.363
400.074
400.071
400.197
400.239
400.245
400.196
400.242
400.060
400.036
400.135
400.029
400.043
400.051
400.042
400.038
400.051
400.057
400.072
400.084
400.083
400.097
400.028
400.020
400.018
400.025
400.024
400.053
400.050
400.051
400.083
400.059
400.050
400.044
400.033
400.029
400.053
400.049
400.050
400.046
400.044
400.045
400.040
400.047
400.054
400.066
400.119
400.167
400.137
400.174
400.077
400.067
400.066
400.108
400.067
400.063
400.244
400.377
400.053
400.051
400.078
400.058
400.065
400.062
400.045
400.037
400.035
400.029
400.023
400.021
400.028
400.063
400.065
400.064
400.060
400.039
400.055
400.056
400.248
400.244
400.085
400.044
400.037
400.076
400.094
400.088
400.040
400.030
400.028
400.086
400.100
400.031
400.029
400.060
400.045
400.028
400.052
400.051
400.072
400.052
400.049
400.051
400.037
400.048
400.042
400.038
400.129
400.088
400.078
400.061
400.061
400.063
400.067
400.053
400.061
400.227
400.221
400.210
400.281
400.261
400.069
400.055
400.403
400.426
400.424
400.407
400.450
400.406
400.427
400.067
400.064
400.041
400.376
400.351
400.278
400.353
400.245
400.351
400.329
400.074
400.158
400.037
400.043
400.042
400.047
400.055
400.062
400.041
400.043
400.037
400.076
400.084
400.087
400.090
400.032
400.035
400.026
400.025
400.018
400.027
400.024
400.022
400.060
400.052
400.050
400.048
400.051
400.050
400.050
400.080
400.075
400.076
400.063
400.059
400.046
400.041
400.158
400.162
400.099
400.158
400.064
400.416
400.073
400.075
400.072
400.075
400.342
400.060
400.064
400.064
400.147
400.057
400.070
400.054
400.061
400.076
400.054
400.065
400.072
400.086
400.088
400.049
400.039
400.047
400.047
400.052
400.037
400.073
400.083
400.043
400.041
400.031
400.063
400.064
400.044
400.039
400.070
400.031
400.025
400.020
400.046
400.192
400.096
400.084
400.082
400.071
400.109
400.235
400.351
400.076
400.077
400.061
400.059
400.070
400.060
400.396
400.410
400.406
400.444
400.449
400.389
400.146
400.114
400.094
400.102
400.061
400.462
400.450
400.292
400.402
400.064
400.073
400.071
400.078
400.071
400.207
400.086
400.049
400.047
400.058
400.380
400.080
400.104
400.097
400.059
400.036
400.059
400.042
400.034
400.031
400.075
400.059
400.057
400.062
400.053
400.059
400.049
400.065
400.072
400.059
400.065
400.054
400.178
400.143
400.098
400.124
400.198
400.199
400.121
400.124
400.133
400.287
400.379
400.291
400.215
400.432
400.432
400.322
400.470
400.435
400.408
400.440
400.420
400.450
400.435
400.365
400.416
400.393
400.442
400.233
400.303
400.408
400.152
400.223
400.330
400.149
400.067
400.061
400.097
400.068
400.073
400.091
400.085
400.117
400.103
400.080
400.107
400.113
400.109
400.068
400.062
400.096
400.067
400.061
400.058
400.059
400.051
400.048
400.064
400.049
400.077
400.051
400.051
400.046
400.068
400.059
400.116
400.057
400.089
400.133
400.132
400.082
400.088
400.058
400.142
400.139
400.063
400.068
400.075
400.037
400.064
400.185
400.040
400.036
400.034
400.031
400.028
400.079
400.022
400.183
400.095
400.109
400.077
400.084
400.059
400.093
400.063
400.485
400.526
400.442
400.335
400.454
400.151
400.156
400.294
400.352
400.073
400.087
400.087
400.082
400.071
400.062
400.060
400.087
400.108
400.091
400.046
400.095
400.116
400.081
400.043
400.042
400.087
400.040
400.041
400.027
400.077
400.089
400.182
400.072
400.115
400.099
400.302
400.378
400.064
400.083
400.450
400.357
400.181
400.094
400.130
400.077
400.408
400.290
400.360
400.138
400.089
400.082
400.073
400.072
400.065
400.107
400.124
400.126
400.108
400.041
400.077
400.070
400.050
400.144
400.225
400.199
400.137
400.096
400.281
400.241
400.043
400.087
400.471
400.367
400.451
400.071
400.379
400.395
400.335
400.364
400.413
400.372
400.331
400.128
400.090
400.079
400.077
400.083
400.456
400.413
400.119
400.112
400.052
400.074
400.064
400.029
400.058
400.059
400.058
400.050
400.191
400.121
400.105
400.072
400.105
400.077
400.093
400.084
400.073
400.289
400.226
400.370
400.292
400.427
400.375
400.366
400.421
400.410
400.485
400.349
400.392
400.290
400.302
400.222
400.054
400.152
400.077
400.076
400.080
400.041
400.056
400.065
400.073
400.076
400.070
400.081
400.060
400.056
400.050
400.056
400.046
400.084
400.028
400.035
400.028
400.023
400.022
400.037
400.024
400.022
400.022
400.025
400.021
400.022
400.020
