401.376
401.193
401.133
400.966
401.310
401.428
401.064
403.154
403.653
404.526
402.687
403.144
402.636
403.867
403.338
402.421
402.718
403.409
402.582
402.141
402.156
402.111
402.898
402.798
401.828
402.519
402.758
401.494
401.334
400.974
401.507
400.874
400.814
400.713
400.561
400.486
400.809
400.413
400.670
400.729
402.733
402.353
403.875
401.075
404.601
404.829
402.714
403.413
403.064
401.512
401.749
401.357
401.784
402.429
402.440
403.902
402.963
402.889
403.387
402.545
404.951
402.902
402.371
402.758
402.370
401.883
402.559
402.968
406.764
404.446
400.803
401.669
402.296
401.949
402.650
408.645
405.972
406.430
409.829
403.107
406.041
401.068
400.944
401.414
401.056
403.062
403.402
402.505
402.461
402.677
403.290
402.744
401.017
400.722
400.736
400.655
400.894
400.762
400.823
400.755
400.759
400.490
401.689
402.741
402.249
400.839
400.820
400.554
400.507
400.516
400.520
400.500
400.554
400.435
403.365
403.600
402.787
400.872
400.555
402.238
402.218
402.066
402.382
403.099
402.610
401.447
404.323
402.199
402.619
402.131
401.653
401.428
402.548
402.449
401.881
401.598
401.405
404.102
402.858
402.256
403.066
402.893
405.647
405.018
404.452
403.863
400.620
406.739
407.280
406.695
404.108
403.245
408.968
410.122
405.410
402.956
408.067
411.069
402.495
402.087
402.852
402.501
401.004
403.022
402.429
400.991
400.964
400.695
400.752
400.969
401.657
402.598
405.158
400.823
400.772
400.645
400.582
401.960
401.922
401.667
401.594
402.172
400.975
401.023
400.828
401.882
401.784
402.054
401.705
402.856
402.158
402.575
403.698
401.528
401.595
410.326
405.593
406.581
402.167
402.184
401.848
402.741
409.878
408.489
408.467
402.584
402.135
402.909
401.424
401.011
401.546
401.945
402.210
402.667
401.130
402.277
402.558
400.946
400.918
401.117
401.115
401.485
401.877
401.660
401.064
400.721
402.045
401.873
401.515
402.417
401.768
401.638
401.496
401.105
401.766
404.280
402.940
403.932
402.630
403.742
404.969
406.701
402.851
411.744
408.843
411.555
402.546
402.632
408.254
409.459
408.766
406.338
408.288
402.280
401.303
403.468
400.885
401.775
402.049
401.611
401.444
401.905
401.383
402.430
402.335
402.950
402.805
400.750
400.887
400.738
400.707
400.789
402.041
401.916
401.923
403.750
403.285
402.156
401.360
401.459
401.172
402.111
402.158
401.823
401.873
401.513
401.526
401.747
401.771
402.211
402.821
403.104
404.622
403.435
404.408
402.208
401.940
401.748
405.184
403.059
403.067
406.737
410.654
401.797
401.551
402.880
402.261
402.243
402.727
401.891
401.392
401.442
401.180
400.946
400.627
400.747
402.124
402.148
402.219
401.996
401.548
402.219
402.157
407.360
409.436
402.562
401.540
401.586
402.903
402.974
403.507
401.305
401.078
400.843
402.312
403.167
400.809
400.825
401.817
401.670
401.157
401.968
401.671
401.857
401.904
401.803
401.634
401.404
401.662
401.238
401.361
403.703
402.684
402.467
402.518
402.712
402.423
403.092
402.391
402.627
405.946
405.380
405.279
407.639
406.169
402.901
402.708
412.452
411.288
412.249
414.031
413.849
411.510
413.534
402.445
402.338
401.771
410.944
411.304
409.443
412.060
407.716
411.830
411.467
402.334
403.929
401.255
401.492
401.701
401.741
401.523
401.729
401.721
401.488
401.393
401.949
402.522
402.778
402.836
400.866
400.873
400.750
400.764
400.620
400.742
400.709
400.715
401.811
401.729
401.789
401.743
401.825
401.813
401.583
403.261
403.051
403.119
402.718
402.418
401.415
401.485
404.356
404.257
403.587
403.895
402.688
411.495
402.670
403.021
402.843
403.324
410.573
402.088
402.171
402.136
404.028
401.840
402.272
401.825
402.013
402.377
401.891
403.057
403.488
403.417
403.347
401.723
401.276
401.611
401.644
402.008
400.974
402.092
402.320
401.180
401.113
400.892
401.860
401.727
401.636
401.046
401.950
400.843
400.736
400.779
401.696
406.351
403.786
403.234
402.944
403.136
402.890
406.172
409.577
403.120
402.964
403.371
403.247
403.138
402.803
413.406
412.610
411.674
413.233
416.194
411.692
402.361
402.797
401.927
402.283
402.279
412.855
414.424
409.260
412.669
402.074
402.499
402.318
402.663
402.369
405.757
402.925
401.540
401.611
401.978
411.823
402.179
403.141
403.167
401.625
401.362
401.753
401.246
400.970
400.822
402.003
401.902
401.906
402.124
401.862
402.015
401.759
402.413
402.802
402.105
402.322
401.808
404.838
403.826
402.666
404.193
406.324
405.383
403.126
403.390
403.272
407.916
411.206
408.038
405.655
413.957
412.767
408.891
414.333
414.289
412.255
413.318
413.907
413.563
413.165
412.032
413.341
411.879
412.927
407.017
410.139
413.340
404.061
406.313
409.973
403.448
403.371
402.428
403.234
403.083
403.674
403.467
402.484
403.230
402.970
402.498
403.157
403.570
403.650
402.107
402.009
403.406
402.115
402.052
401.917
402.071
401.892
401.752
402.725
402.126
403.049
401.501
401.515
401.657
402.384
401.894
403.296
403.108
402.878
402.232
401.930
403.304
402.823
402.281
402.379
403.267
402.046
402.026
402.844
401.211
401.696
407.159
401.079
400.946
400.886
400.820
400.788
402.337
400.765
404.851
403.340
402.964
402.977
402.424
403.986
402.460
402.939
415.026
416.130
415.152
411.088
420.307
403.966
404.942
409.093
411.201
404.022
402.045
402.655
401.992
402.027
401.522
401.657
402.434
402.952
402.140
401.353
402.586
403.837
401.957
401.362
401.110
402.250
401.058
401.066
400.805
402.607
403.453
407.562
402.418
402.980
402.711
408.663
411.473
404.242
402.878
413.934
411.470
407.350
403.012
403.280
403.098
418.931
408.997
411.671
407.165
402.062
402.473
401.823
403.145
403.568
403.099
403.779
404.136
402.488
401.068
402.541
402.274
401.725
404.757
406.495
405.340
403.705
402.677
408.300
406.692
401.117
403.511
414.734
411.107
413.918
404.200
414.797
413.461
412.349
414.589
414.759
412.062
411.754
403.082
404.842
403.827
402.285
404.454
413.994
412.654
402.691
403.415
401.500
402.359
402.122
400.880
401.941
402.058
402.033
401.656
405.248
403.242
402.882
402.052
403.622
402.205
403.804
402.564
401.925
408.983
406.497
411.130
408.938
413.517
411.648
411.128
413.469
412.933
415.266
412.498
413.096
410.896
410.496
407.382
401.405
405.357
402.770
402.089
402.385
400.994
401.876
402.092
402.268
402.506
402.305
402.699
402.056
401.901
401.617
401.741
401.595
403.171
400.935
401.317
400.889
400.931
400.771
401.696
400.716
400.806
400.708
401.465
400.658
400.743
400.715
