 1.816
 1.430
 1.448
 1.268
 1.475
 1.891
 1.190
 5.720
 6.226
 6.751
 4.532
 5.763
 4.753
 7.482
 5.249
 4.616
 5.116
 5.822
 4.509
 3.913
 4.004
 2.317
 3.528
 3.231
 2.453
 3.958
 3.938
 2.276
 1.223
 1.331
 1.685
 0.819
 1.154
 0.730
 0.671
 0.431
 0.802
 0.460
 0.615
 0.772
 3.977
 4.267
 6.920
 1.005
 7.878
 7.589
 4.797
 5.991
 5.427
 1.188
 1.251
 1.208
 1.364
 4.197
 4.266
 5.708
 4.552
 5.257
 5.394
 1.711
 4.311
 2.175
 4.104
 4.917
 4.205
 3.019
 4.247
 2.466
 4.444
 3.317
 0.823
 1.468
 2.610
 2.119
 4.160
 8.011
 5.029
 5.904
 4.488
 3.750
 5.593
 1.725
 1.161
 1.216
 1.364
 2.431
 2.765
 2.925
 3.304
 2.238
 2.512
 2.973
 1.026
 0.908
 0.908
 0.646
 1.132
 1.034
 0.706
 0.696
 0.817
 0.878
 1.774
 2.989
 2.113
 0.856
 0.842
 0.490
 0.557
 0.513
 0.815
 0.697
 0.596
 0.462
 2.400
 2.463
 3.318
 0.846
 0.555
 3.075
 3.746
 2.881
 3.752
 5.264
 3.429
 1.241
 7.084
 3.798
 1.812
 1.495
 1.239
 1.082
 2.085
 1.751
 1.453
 1.139
 1.163
 2.854
 2.312
 1.546
 2.222
 4.303
 5.587
 3.990
 4.459
 3.533
 0.555
 7.572
 4.468
 5.025
 3.789
 2.756
 5.014
 5.426
 3.868
 4.703
 6.510
 8.334
 1.680
 1.820
 2.794
 3.096
 1.188
 3.020
 2.531
 1.047
 1.063
 0.585
 1.487
 0.746
 1.481
 2.688
 4.797
 0.797
 0.863
 0.614
 0.899
 2.509
 2.546
 2.088
 1.421
 2.291
 0.756
 0.959
 0.652
 3.193
 2.533
 2.742
 2.011
 5.097
 3.354
 4.368
 5.821
 1.755
 2.212
10.440
 4.545
 7.215
 3.599
 3.788
 3.253
 4.733
 7.717
 5.261
 5.820
 3.137
 2.415
 3.764
 1.445
 1.055
 1.234
 2.104
 1.078
 1.134
 0.858
 1.889
 1.268
 0.928
 0.880
 1.248
 0.913
 1.628
 2.122
 1.884
 1.048
 0.618
 2.233
 2.269
 1.817
 3.436
 1.251
 1.476
 1.467
 1.066
 1.256
 3.040
 2.115
 6.716
 4.287
 2.979
 3.743
 5.206
 4.788
12.442
 6.814
12.192
 3.960
 4.591
 4.724
 6.053
 6.193
 5.496
 6.960
 2.092
 1.917
 3.574
 0.893
 2.304
 3.195
 1.781
 2.033
 1.323
 1.232
 2.166
 1.617
 2.775
 2.263
 0.857
 0.835
 0.720
 1.000
 1.147
 2.367
 2.102
 2.317
 5.867
 1.744
 1.252
 1.036
 1.108
 0.934
 1.356
 1.353
 1.281
 1.235
 1.121
 1.192
 1.148
 2.041
 3.394
 4.910
 2.236
 3.235
 2.616
 3.121
 1.525
 1.383
 1.965
 8.147
 4.410
 4.880
 5.003
10.330
 1.971
 1.803
 4.578
 3.792
 3.780
 4.568
 1.236
 1.020
 1.354
 0.993
 0.879
 0.542
 0.764
 2.872
 2.750
 3.765
 2.830
 1.764
 3.435
 3.541
 5.850
 5.877
 1.724
 1.507
 1.754
 3.567
 2.544
 2.164
 1.339
 1.066
 0.919
 1.970
 2.798
 0.705
 0.788
 2.119
 1.755
 1.050
 2.185
 1.951
 2.395
 2.389
 2.393
 2.422
 1.997
 1.357
 0.971
 2.156
 2.436
 1.794
 1.602
 1.497
 1.558
 1.763
 4.435
 3.441
 4.071
 4.548
 4.002
 4.007
 5.413
 4.542
 4.659
 4.061
11.336
10.866
 9.544
11.190
13.586
 8.606
12.965
 3.743
 3.735
 1.933
 7.811
 7.450
 6.258
 7.963
 5.764
 7.970
 7.332
 2.690
 3.518
 1.385
 1.623
 1.802
 1.709
 2.032
 2.341
 1.995
 2.035
 2.163
 1.685
 2.152
 2.470
 2.071
 0.857
 0.821
 0.837
 0.988
 0.700
 0.683
 0.907
 0.911
 1.668
 1.718
 1.962
 1.626
 2.110
 2.336
 2.199
 1.947
 1.948
 1.773
 1.619
 1.739
 1.225
 1.093
 3.042
 3.036
 2.213
 2.994
 3.952
10.864
 4.468
 4.536
 4.466
 5.256
 7.398
 3.004
 2.946
 3.283
 3.286
 1.797
 2.482
 1.969
 2.150
 2.865
 1.998
 5.320
 2.016
 2.059
 2.378
 1.643
 1.075
 1.540
 1.735
 1.951
 0.895
 1.803
 1.952
 0.985
 0.963
 0.852
 1.699
 1.553
 1.317
 0.976
 1.902
 0.960
 0.924
 0.774
 2.067
 3.991
 2.206
 2.051
 3.848
 4.162
 2.125
 4.834
 8.837
 4.372
 4.457
 3.018
 3.793
 4.811
 3.854
10.113
10.771
 8.768
10.337
11.961
 8.537
 3.492
 4.258
 2.878
 3.585
 3.488
 9.705
 9.532
 6.692
 8.569
 2.062
 2.835
 2.636
 3.496
 3.080
 4.616
 1.974
 1.519
 1.712
 2.161
 8.276
 1.783
 2.606
 2.529
 1.166
 0.920
 1.395
 0.972
 0.908
 0.738
 1.664
 1.839
 2.019
 2.227
 2.046
 2.182
 2.392
 1.709
 1.976
 1.543
 1.735
 1.562
 3.940
 2.926
 2.000
 2.477
 4.158
 4.377
 2.428
 2.337
 2.659
 6.643
 9.518
 6.863
 4.647
11.312
11.140
 7.812
11.250
11.234
10.508
10.183
 9.572
10.033
10.366
 8.165
 8.935
 8.875
 8.958
 5.075
 6.773
 8.981
 3.665
 4.804
 7.356
 3.401
 1.974
 1.396
 2.834
 1.672
 2.174
 2.702
 1.884
 2.556
 2.396
 2.062
 2.760
 2.974
 3.202
 2.215
 1.656
 2.867
 2.141
 2.058
 1.876
 2.259
 1.991
 1.785
 3.758
 3.130
 2.857
 1.374
 1.442
 1.414
 2.460
 2.395
 2.309
 3.856
 3.425
 3.177
 3.167
 4.449
 4.253
 2.123
 3.230
 3.192
 2.176
 1.903
 1.684
 0.906
 1.382
 6.541
 0.982
 1.104
 0.944
 0.930
 0.930
 2.202
 0.916
 3.918
 1.973
 2.017
 3.065
 2.710
 3.434
 3.793
 3.735
11.106
12.317
10.075
 7.108
10.964
 3.501
 5.467
 6.663
 7.566
 3.226
 1.768
 2.718
 1.532
 2.250
 1.136
 1.534
 1.976
 2.343
 1.306
 0.964
 1.934
 3.281
 1.134
 1.122
 0.996
 1.677
 1.195
 1.021
 0.963
 2.248
 2.237
 6.957
 2.772
 2.207
 1.795
 6.963
 9.630
 3.820
 3.095
10.648
 9.015
 6.832
 4.179
 4.701
 4.312
 9.817
 6.628
 8.271
 3.457
 1.845
 2.645
 1.498
 3.985
 1.708
 2.547
 3.283
 3.647
 1.736
 1.096
 1.991
 2.256
 1.437
 3.197
 5.354
 4.220
 2.761
 1.928
 6.730
 5.452
 1.053
 4.283
11.666
 9.015
10.848
 4.462
 8.614
 9.146
 7.580
 8.327
 9.533
 8.350
 7.347
 4.458
 3.276
 3.381
 2.168
 2.791
10.630
 9.596
 1.758
 3.534
 1.169
 1.835
 2.253
 0.804
 1.857
 2.156
 2.049
 1.414
 4.223
 2.518
 2.013
 1.331
 2.368
 2.545
 4.591
 3.347
 2.574
 7.074
 5.178
 8.661
 6.958
10.796
 9.278
 8.926
10.664
10.428
11.456
 8.243
 8.979
 6.654
 7.009
 5.114
 1.388
 5.006
 2.249
 1.795
 2.226
 0.974
 1.666
 1.747
 1.778
 2.173
 2.107
 2.495
 1.793
 1.650
 1.427
 1.598
 1.594
 3.605
 0.862
 1.181
 0.737
 0.772
 0.567
 1.667
 0.522
 0.698
 0.562
 1.614
 0.396
 0.645
 0.563
