401.816
401.430
401.448
401.268
401.475
401.891
401.190
405.720
406.226
406.751
404.532
405.763
404.753
407.482
405.249
404.616
405.116
405.822
404.509
403.913
404.004
402.317
403.528
403.231
402.453
403.958
403.938
402.276
401.223
401.331
401.685
400.819
401.154
400.730
400.671
400.431
400.802
400.460
400.615
400.772
403.977
404.267
406.920
401.005
407.878
407.589
404.797
405.991
405.427
401.188
401.251
401.208
401.364
404.197
404.266
405.708
404.552
405.257
405.394
401.711
404.311
402.175
404.104
404.917
404.205
403.019
404.247
402.466
404.444
403.317
400.823
401.468
402.610
402.119
404.160
408.011
405.029
405.904
404.488
403.750
405.593
401.725
401.161
401.216
401.364
402.431
402.765
402.925
403.304
402.238
402.512
402.973
401.026
400.908
400.908
400.646
401.132
401.034
400.706
400.696
400.817
400.878
401.774
402.989
402.113
400.856
400.842
400.490
400.557
400.513
400.815
400.697
400.596
400.462
402.400
402.463
403.318
400.846
400.555
403.075
403.746
402.881
403.752
405.264
403.429
401.241
407.084
403.798
401.812
401.495
401.239
401.082
402.085
401.751
401.453
401.139
401.163
402.854
402.312
401.546
402.222
404.303
405.587
403.990
404.459
403.533
400.555
407.572
404.468
405.025
403.789
402.756
405.014
405.426
403.868
404.703
406.510
408.334
401.680
401.820
402.794
403.096
401.188
403.020
402.531
401.047
401.063
400.585
401.487
400.746
401.481
402.688
404.797
400.797
400.863
400.614
400.899
402.509
402.546
402.088
401.421
402.291
400.756
400.959
400.652
403.193
402.533
402.742
402.011
405.097
403.354
404.368
405.821
401.755
402.212
410.440
404.545
407.215
403.599
403.788
403.253
404.733
407.717
405.261
405.820
403.137
402.415
403.764
401.445
401.055
401.234
402.104
401.078
401.134
400.858
401.889
401.268
400.928
400.880
401.248
400.913
401.628
402.122
401.884
401.048
400.618
402.233
402.269
401.817
403.436
401.251
401.476
401.467
401.066
401.256
403.040
402.115
406.716
404.287
402.979
403.743
405.206
404.788
412.442
406.814
412.192
403.960
404.591
404.724
406.053
406.193
405.496
406.960
402.092
401.917
403.574
400.893
402.304
403.195
401.781
402.033
401.323
401.232
402.166
401.617
402.775
402.263
400.857
400.835
400.720
401.000
401.147
402.367
402.102
402.317
405.867
401.744
401.252
401.036
401.108
400.934
401.356
401.353
401.281
401.235
401.121
401.192
401.148
402.041
403.394
404.910
402.236
403.235
402.616
403.121
401.525
401.383
401.965
408.147
404.410
404.880
405.003
410.330
401.971
401.803
404.578
403.792
403.780
404.568
401.236
401.020
401.354
400.993
400.879
400.542
400.764
402.872
402.750
403.765
402.830
401.764
403.435
403.541
405.850
405.877
401.724
401.507
401.754
403.567
402.544
402.164
401.339
401.066
400.919
401.970
402.798
400.705
400.788
402.119
401.755
401.050
402.185
401.951
402.395
402.389
402.393
402.422
401.997
401.357
400.971
402.156
402.436
401.794
401.602
401.497
401.558
401.763
404.435
403.441
404.071
404.548
404.002
404.007
405.413
404.542
404.659
404.061
411.336
410.866
409.544
411.190
413.586
408.606
412.965
403.743
403.735
401.933
407.811
407.450
406.258
407.963
405.764
407.970
407.332
402.690
403.518
401.385
401.623
401.802
401.709
402.032
402.341
401.995
402.035
402.163
401.685
402.152
402.470
402.071
400.857
400.821
400.837
400.988
400.700
400.683
400.907
400.911
401.668
401.718
401.962
401.626
402.110
402.336
402.199
401.947
401.948
401.773
401.619
401.739
401.225
401.093
403.042
403.036
402.213
402.994
403.952
410.864
404.468
404.536
404.466
405.256
407.398
403.004
402.946
403.283
403.286
401.797
402.482
401.969
402.150
402.865
401.998
405.320
402.016
402.059
402.378
401.643
401.075
401.540
401.735
401.951
400.895
401.803
401.952
400.985
400.963
400.852
401.699
401.553
401.317
400.976
401.902
400.960
400.924
400.774
402.067
403.991
402.206
402.051
403.848
404.162
402.125
404.834
408.837
404.372
404.457
403.018
403.793
404.811
403.854
410.113
410.771
408.768
410.337
411.961
408.537
403.492
404.258
402.878
403.585
403.488
409.705
409.532
406.692
408.569
402.062
402.835
402.636
403.496
403.080
404.616
401.974
401.519
401.712
402.161
408.276
401.783
402.606
402.529
401.166
400.920
401.395
400.972
400.908
400.738
401.664
401.839
402.019
402.227
402.046
402.182
402.392
401.709
401.976
401.543
401.735
401.562
403.940
402.926
402.000
402.477
404.158
404.377
402.428
402.337
402.659
406.643
409.518
406.863
404.647
411.312
411.140
407.812
411.250
411.234
410.508
410.183
409.572
410.033
410.366
408.165
408.935
408.875
408.958
405.075
406.773
408.981
403.665
404.804
407.356
403.401
401.974
401.396
402.834
401.672
402.174
402.702
401.884
402.556
402.396
402.062
402.760
402.974
403.202
402.215
401.656
402.867
402.141
402.058
401.876
402.259
401.991
401.785
403.758
403.130
402.857
401.374
401.442
401.414
402.460
402.395
402.309
403.856
403.425
403.177
403.167
404.449
404.253
402.123
403.230
403.192
402.176
401.903
401.684
400.906
401.382
406.541
400.982
401.104
400.944
400.930
400.930
402.202
400.916
403.918
401.973
402.017
403.065
402.710
403.434
403.793
403.735
411.106
412.317
410.075
407.108
410.964
403.501
405.467
406.663
407.566
403.226
401.768
402.718
401.532
402.250
401.136
401.534
401.976
402.343
401.306
400.964
401.934
403.281
401.134
401.122
400.996
401.677
401.195
401.021
400.963
402.248
402.237
406.957
402.772
402.207
401.795
406.963
409.630
403.820
403.095
410.648
409.015
406.832
404.179
404.701
404.312
409.817
406.628
408.271
403.457
401.845
402.645
401.498
403.985
401.708
402.547
403.283
403.647
401.736
401.096
401.991
402.256
401.437
403.197
405.354
404.220
402.761
401.928
406.730
405.452
401.053
404.283
411.666
409.015
410.848
404.462
408.614
409.146
407.580
408.327
409.533
408.350
407.347
404.458
403.276
403.381
402.168
402.791
410.630
409.596
401.758
403.534
401.169
401.835
402.253
400.804
401.857
402.156
402.049
401.414
404.223
402.518
402.013
401.331
402.368
402.545
404.591
403.347
402.574
407.074
405.178
408.661
406.958
410.796
409.278
408.926
410.664
410.428
411.456
408.243
408.979
406.654
407.009
405.114
401.388
405.006
402.249
401.795
402.226
400.974
401.666
401.747
401.778
402.173
402.107
402.495
401.793
401.650
401.427
401.598
401.594
403.605
400.862
401.181
400.737
400.772
400.567
401.667
400.522
400.698
400.562
401.614
400.396
400.645
400.563
